38383862393734362d396363312d343365636163623632342d373136652d343739363035306130662d636331612d3461

























62643463313832302d393532632d34365396637343838642d626435322d346653966373
4
3
8
3
8
6
4
2
d
6
2
6
4
3
5
3
2
2
d
3
4
6
37323534333936632d323436342d3437323534333936632d3234
36
34
2d
34
64
35
66
39
64
65
35
62
2d
65
35
36
66
2d
34
61323339396162362d643136622d36435663964
653
562
2d6
535
366
62d
361
643
364
643
732
632
d66
313
533
2d3
61643364643732632d663135332d6435
3265
3234
6661
2d34
3730
662d
6435
3265
3234
6661
2d34
3730
662d
66336563646239302d3038306526633
65636
46239
302d3
03830
65261
35323
93163
61322
d3866
65632
63333864346339612d633263376333386434
633961
2d6332
633764
346138
663335
642d62
636634
64346138663335642d626366333376562626131382d3530
3663337
6562626
131382d
3530366
34316363393261302d62643330393034666237352d3133313039303466623735
2d313331
30333430656332392d6663330333430656332392d666333392d3464